17,212
17,211
17,210
17,209
17,208
17,207
17,206
17,205
17,204
17,203
17,202
17,201
17,200
17,199
17,198
17,197
17,196
17,195
17,194
17,193
17,192
17,191
17,190
17,189
17,188
17,187
17,186
17,185
17,184
17,183
17,182
17,181
17,180
17,179
17,178
17,177
17,176
17,175
17,174
17,173
17,172
17,171
17,170
17,169
17,168
17,167
17,166
17,165
17,164
17,163
17,162
17,161
17,160
17,159
17,158
17,157
17,156
17,155
17,154
17,153
17,152
17,151
17,150
17,149
17,148
17,147
17,146
17,145
17,144
17,143
17,142
17,141
17,140
17,139
17,128
17,127
17,126
17,125
17,124
17,123
17,122
17,121
17,120
17,119
17,118
17,117
17,116
17,115
17,114
17,113
17,112
17,111
17,110
17,109
17,108
17,107
17,106
17,105
17,104
17,103
17,102
17,101
17,100
17,99
17,98
17,97
17,96
17,95
17,94
17,93
17,92
17,91
17,90
17,89
17,87
17,86
17,85
17,84
17,83
17,82
17,81
17,80
17,79
17,78
17,77
17,76
17,75
17,74
17,73
17,72
17,71
17,70
17,69
17,68
17,67
17,66
17,65
17,64
17,37
17,36
17,35
17,34
17,33
17,32
17,31
17,30
17,29
17,28
17,27
17,26
17,25
17,24
17,23
17,22
17,21
17,20
17,19
17,18
17,17
17,16
17,15
17,14
17,8
17,5
17,4
17,3
17,2
17,1
17,0
16,4
16,3
16,2
16,1
16,0
15,8
15,7
15,6
15,5
15,4
15,3
15,2
15,1
15,0
14,5
14,4
14,3
14,2
14,1
14,0
13,4
13,3
13,2
13,1
13,0
12,5
12,4
12,3
12,2
12,1
12,0
11,5
11,4
11,3
11,2
11,1
11,0
10,5
10,4
10,3
10,2
10,1
10,0
9,5
9,4
9,3
9,2
9,1
9,0
8,6
8,5
8,4
8,3
8,2
8,1
8,0
7,3
5,5
5,4
5,3
5,2
5,0
4,3
3,2
2,2
1,2
0,9
17,213
17,214
17,216
17,217
17,219
17,220
17,222
17,224
17,225
17,227
17,228
17,230
17,232
17,233
17,235
17,236
17,238
17,239
17,241
17,243
17,244
17,246
17,247
17,249
17,251
17,252
17,254
17,255
17,257
17,258
17,260
17,262
17,263
17,265
17,266
17,268
17,270
17,271
17,273
17,274
17,276
17,277
17,279
17,281
17,282
17,284
17,285
17,287
17,289
17,290
17,292
17,293
17,295
17,297
17,298
17,300
17,301
17,303
17,304
17,306
17,308
17,309
17,311
17,312
17,314
17,322
17,323
18,0
18,1
18,3
18,4
19,0
19,2
19,3
19,5
19,6
19,8
19,10
19,11
19,13
19,14
19,16
19,17
19,19
19,21
19,22
19,24
19,25
19,27
19,29
19,30
19,32
19,33
19,35
19,37
19,38
19,64
19,65
19,67
19,68
19,70
19,71
19,69
19,66
19,39
19,36
19,34
19,31
19,28
19,26
19,23
19,20
19,18
19,15
19,12
19,9
19,7
19,4
19,1
18,5
18,2
17,324
17,321
17,313
17,310
17,307
17,305
17,302
17,299
17,296
17,294
17,291
17,288
17,286
17,283
17,280
17,278
17,275
17,272
17,269
17,267
17,264
17,261
17,259
17,256
17,253
17,250
17,248
17,245
17,242
17,240
17,237
17,234
17,231
17,229
17,226
17,223
17,221
17,218
17,215
1,45
3,44
2,44
1,44
3,43
2,43
1,43
3,42
2,42
1,42
3,41
2,41
1,41
3,40
2,40
1,40
3,39
2,39
1,39
3,38
2,38
1,38
3,37
2,37
1,37
3,36
2,36
1,36
3,35
2,35
1,35
3,34
2,34
1,34
3,33
2,33
1,33
3,32
2,32
1,32
3,31
2,31
1,31
3,30
2,30
1,30
3,29
2,29
1,29
3,28
2,28
1,28
3,27
2,27
1,27
3,26
2,26
1,26
3,25
2,25
1,25
3,24
2,24
1,24
3,23
2,23
1,23
3,22
2,22
1,22
3,21
2,21
1,21
3,20
2,20
1,20
3,19
2,19
1,19
3,18
2,18
1,18
3,17
2,17
1,17
3,16
2,16
1,16
3,15
2,15
1,15
3,14
2,14
1,14
3,13
2,13
1,13
3,12
2,12
1,12
3,11
2,11
1,11
3,10
2,10
1,10
3,9
2,9
1,9
3,8
2,8
1,8
3,7
2,7
1,7
3,6
2,6
1,6
3,5
2,5
1,5
3,4
2,4
1,4
3,3
3,0
2,3
2,0
1,3
1,0
0,6
0,0
0,47
0,46
0,49
0,48
0,45
0,12
0,10
0,8
0,11
0,5
0,7
0,4
0,3
